400	5.56418	0.374221
400.2	5.55806	0.372339
400.4	5.55198	0.370472
400.601	5.54592	0.368617
400.802	5.5399	0.366776
401.003	5.53391	0.364948
401.204	5.52795	0.363132
401.405	5.52201	0.36133
401.606	5.51611	0.359539
401.808	5.51024	0.357761
402.01	5.5044	0.355996
402.212	5.49858	0.354242
402.414	5.4928	0.352501
402.617	5.48704	0.350771
402.82	5.48131	0.349053
403.023	5.47561	0.347347
403.226	5.46994	0.345652
403.429	5.4643	0.343968
403.633	5.45868	0.342296
403.836	5.45309	0.340635
404.04	5.44753	0.338984
404.245	5.44199	0.337345
404.449	5.43648	0.335716
404.654	5.431	0.334098
404.858	5.42554	0.332491
405.063	5.42011	0.330894
405.268	5.4147	0.329307
405.474	5.40932	0.327731
405.68	5.40396	0.326165
405.885	5.39863	0.324609
406.091	5.39332	0.323062
406.298	5.38804	0.321526
406.504	5.38278	0.319999
406.711	5.37755	0.318482
406.918	5.37234	0.316974
407.125	5.36715	0.315476
407.332	5.36199	0.313988
407.539	5.35685	0.312508
407.747	5.35173	0.311038
407.955	5.34664	0.309577
408.163	5.34157	0.308125
408.372	5.33652	0.306682
408.58	5.33149	0.305247
408.789	5.32649	0.303822
408.998	5.32151	0.302405
409.207	5.31655	0.300997
409.417	5.31161	0.299597
409.626	5.30669	0.298206
409.836	5.30179	0.296823
410.046	5.29692	0.295449
410.256	5.29206	0.294083
410.467	5.28723	0.292725
410.678	5.28242	0.291375
410.889	5.27763	0.290033
411.1	5.27285	0.288699
411.311	5.2681	0.287373
411.523	5.26337	0.286055
411.734	5.25866	0.284745
411.946	5.25396	0.283442
412.159	5.24929	0.282147
412.371	5.24464	0.280859
412.584	5.24	0.27958
412.797	5.23539	0.278307
413.01	5.23079	0.277042
413.223	5.22621	0.275785
413.437	5.22166	0.274534
413.65	5.21712	0.273291
413.864	5.21259	0.272055
414.079	5.20809	0.270826
414.293	5.2036	0.269604
414.508	5.19914	0.26839
414.723	5.19469	0.267182
414.938	5.19025	0.265981
415.153	5.18584	0.264787
415.369	5.18144	0.2636
415.584	5.17706	0.262419
415.8	5.1727	0.261245
416.017	5.16836	0.260078
416.233	5.16403	0.258918
416.45	5.15972	0.257764
416.667	5.15542	0.256616
416.884	5.15114	0.255475
417.101	5.14688	0.254341
417.319	5.14264	0.253213
417.537	5.13841	0.252091
417.755	5.13419	0.250975
417.973	5.13	0.249866
418.191	5.12582	0.248762
418.41	5.12165	0.247665
418.629	5.1175	0.246574
418.848	5.11337	0.24549
419.068	5.10925	0.244411
419.287	5.10515	0.243338
419.507	5.10106	0.242271
419.727	5.09699	0.24121
419.948	5.09293	0.240155
420.168	5.08889	0.239106
420.389	5.08486	0.238062
420.61	5.08085	0.237024
420.831	5.07685	0.235992
421.053	5.07287	0.234966
421.274	5.0689	0.233945
421.496	5.06495	0.23293
421.719	5.06101	0.23192
421.941	5.05708	0.230916
422.164	5.05317	0.229918
422.386	5.04927	0.228925
422.61	5.04539	0.227937
422.833	5.04152	0.226955
423.057	5.03767	0.225978
423.28	5.03383	0.225006
423.504	5.03	0.22404
423.729	5.02618	0.223079
423.953	5.02238	0.222123
424.178	5.01859	0.221172
424.403	5.01482	0.220227
424.628	5.01106	0.219287
424.854	5.00731	0.218351
425.08	5.00358	0.217421
425.306	4.99985	0.216496
425.532	4.99615	0.215576
425.758	4.99245	0.214661
425.985	4.98877	0.213751
426.212	4.9851	0.212845
426.439	4.98144	0.211945
426.667	4.97779	0.21105
426.894	4.97416	0.210159
427.122	4.97054	0.209273
427.35	4.96693	0.208392
427.579	4.96334	0.207516
427.807	4.95975	0.206644
428.036	4.95618	0.205777
428.266	4.95262	0.204915
428.495	4.94907	0.204057
428.725	4.94554	0.203204
428.954	4.94201	0.202356
429.185	4.9385	0.201512
429.415	4.935	0.200673
429.646	4.93151	0.199838
429.876	4.92804	0.199007
430.108	4.92457	0.198182
430.339	4.92112	0.19736
430.571	4.91767	0.196543
430.802	4.91424	0.19573
431.034	4.91082	0.194922
431.267	4.90741	0.194118
431.499	4.90402	0.193318
431.732	4.90063	0.192523
431.965	4.89725	0.191732
432.199	4.89389	0.190945
432.432	4.89054	0.190162
432.666	4.88719	0.189384
432.9	4.88386	0.18861
433.135	4.88054	0.187839
433.369	4.87723	0.187073
433.604	4.87393	0.186311
433.839	4.87064	0.185553
434.075	4.86736	0.1848
434.311	4.8641	0.18405
434.546	4.86084	0.183304
434.783	4.85759	0.182562
435.019	4.85436	0.181824
435.256	4.85113	0.18109
435.493	4.84791	0.18036
435.73	4.84471	0.179634
435.967	4.84151	0.178912
436.205	4.83832	0.178193
436.443	4.83515	0.177479
436.681	4.83198	0.176768
436.92	4.82883	0.176061
437.158	4.82568	0.175358
437.397	4.82255	0.174658
437.637	4.81942	0.173963
437.876	4.8163	0.173271
438.116	4.8132	0.172582
438.356	4.8101	0.171897
438.596	4.80701	0.171216
438.837	4.80393	0.170539
439.078	4.80087	0.169865
439.319	4.79781	0.169195
439.56	4.79476	0.168528
439.802	4.79172	0.167865
440.044	4.78869	0.167205
440.286	4.78567	0.166549
440.529	4.78265	0.165896
440.771	4.77965	0.165247
441.014	4.77666	0.164601
441.258	4.77367	0.163959
441.501	4.7707	0.16332
441.745	4.76773	0.162684
441.989	4.76477	0.162052
442.233	4.76183	0.161423
442.478	4.75889	0.160797
442.723	4.75596	0.160175
442.968	4.75304	0.159556
443.213	4.75012	0.15894
443.459	4.74722	0.158328
443.705	4.74432	0.157719
443.951	4.74144	0.157113
444.198	4.73856	0.15651
444.444	4.73569	0.15591
444.691	4.73283	0.155314
444.939	4.72998	0.15472
445.186	4.72714	0.15413
445.434	4.7243	0.153543
445.682	4.72148	0.152958
445.931	4.71866	0.152377
446.18	4.71585	0.151799
446.429	4.71305	0.151224
446.678	4.71025	0.150652
446.927	4.70747	0.150083
447.177	4.70469	0.149517
447.427	4.70193	0.148954
447.678	4.69917	0.148394
447.928	4.69641	0.147837
448.179	4.69367	0.147282
448.43	4.69094	0.146731
448.682	4.68821	0.146182
448.934	4.68549	0.145636
449.186	4.68278	0.145093
449.438	4.68008	0.144553
449.691	4.67738	0.144016
449.944	4.67469	0.143481
450.197	4.67201	0.142949
450.45	4.66934	0.14242
450.704	4.66668	0.141894
450.958	4.66402	0.14137
451.213	4.66137	0.140849
451.467	4.65873	0.140331
451.722	4.6561	0.139815
451.977	4.65347	0.139302
452.233	4.65086	0.138792
452.489	4.64825	0.138284
452.745	4.64564	0.137779
453.001	4.64305	0.137276
453.258	4.64046	0.136776
453.515	4.63788	0.136278
453.772	4.63531	0.135783
454.03	4.63274	0.13529
454.287	4.63019	0.1348
454.545	4.62764	0.134313
454.804	4.62509	0.133827
455.063	4.62256	0.133345
455.322	4.62003	0.132864
455.581	4.61751	0.132386
455.84	4.61499	0.131911
456.1	4.61249	0.131437
456.361	4.60999	0.130967
456.621	4.6075	0.130498
456.882	4.60501	0.130032
457.143	4.60253	0.129568
457.404	4.60006	0.129106
457.666	4.5976	0.128647
457.928	4.59514	0.12819
458.19	4.59269	0.127735
458.453	4.59025	0.127282
458.716	4.58781	0.126831
458.979	4.58538	0.126383
459.242	4.58296	0.125937
459.506	4.58054	0.125493
459.77	4.57813	0.125051
460.035	4.57573	0.124611
460.299	4.57334	0.124174
460.564	4.57095	0.123738
460.829	4.56857	0.123305
461.095	4.56619	0.122873
461.361	4.56382	0.122444
461.627	4.56146	0.122016
461.894	4.55911	0.121591
462.161	4.55676	0.121168
462.428	4.55442	0.120746
462.695	4.55208	0.120327
462.963	4.54975	0.119909
463.231	4.54743	0.119494
463.499	4.54512	0.11908
463.768	4.54281	0.118669
464.037	4.5405	0.118259
464.306	4.53821	0.117851
464.576	4.53592	0.117445
464.846	4.53363	0.11704
465.116	4.53136	0.116638
465.387	4.52909	0.116237
465.658	4.52682	0.115839
465.929	4.52456	0.115442
466.2	4.52231	0.115046
466.472	4.52006	0.114653
466.744	4.51782	0.114261
467.017	4.51559	0.113871
467.29	4.51336	0.113483
467.563	4.51114	0.113096
467.836	4.50893	0.112711
468.11	4.50672	0.112328
468.384	4.50451	0.111946
468.658	4.50232	0.111566
468.933	4.50013	0.111187
469.208	4.49794	0.110811
469.484	4.49576	0.110435
469.759	4.49359	0.110062
470.035	4.49142	0.10969
470.312	4.48926	0.109319
470.588	4.48711	0.10895
470.865	4.48496	0.108583
471.143	4.48281	0.108217
471.42	4.48067	0.107852
471.698	4.47854	0.107489
471.976	4.47642	0.107128
472.255	4.47429	0.106768
472.534	4.47218	0.106409
472.813	4.47007	0.106052
473.093	4.46797	0.105696
473.373	4.46587	0.105342
473.653	4.46378	0.104989
473.934	4.46169	0.104637
474.215	4.45961	0.104287
474.496	4.45753	0.103938
474.777	4.45546	0.10359
475.059	4.4534	0.103244
475.342	4.45134	0.102899
475.624	4.44929	0.102556
475.907	4.44724	0.102213
476.19	4.4452	0.101872
476.474	4.44316	0.101532
476.758	4.44113	0.101194
477.042	4.4391	0.100856
477.327	4.43708	0.10052
477.612	4.43507	0.100185
477.897	4.43306	0.0998511
478.183	4.43105	0.0995185
478.469	4.42905	0.0991871
478.755	4.42706	0.0988568
479.042	4.42507	0.0985276
479.329	4.42308	0.0981996
479.616	4.4211	0.0978727
479.904	4.41913	0.0975469
480.192	4.41716	0.0972222
480.48	4.4152	0.0968985
480.769	4.41324	0.096576
481.058	4.41129	0.0962545
481.348	4.40934	0.095934
481.638	4.4074	0.0956146
481.928	4.40546	0.0952962
482.218	4.40352	0.0949788
482.509	4.4016	0.0946624
482.8	4.39967	0.094347
483.092	4.39776	0.0940326
483.384	4.39584	0.0937192
483.676	4.39393	0.0934067
483.969	4.39203	0.0930951
484.262	4.39013	0.0927845
484.555	4.38824	0.0924748
484.848	4.38635	0.092166
485.143	4.38446	0.0918582
485.437	4.38258	0.0915512
485.732	4.38071	0.0912451
486.027	4.37884	0.0909399
486.322	4.37697	0.0906355
486.618	4.37511	0.090332
486.914	4.37326	0.0900293
487.211	4.37141	0.0897274
487.508	4.36956	0.0894264
487.805	4.36772	0.0891262
488.103	4.36588	0.0888267
488.4	4.36405	0.0885281
488.699	4.36222	0.0882303
488.998	4.3604	0.0879332
489.297	4.35858	0.0876369
489.596	4.35676	0.0873413
489.896	4.35495	0.0870465
490.196	4.35314	0.0867524
490.497	4.35134	0.086459
490.798	4.34955	0.0861664
491.099	4.34775	0.0858744
491.4	4.34596	0.0855832
491.703	4.34418	0.0852927
492.005	4.3424	0.0850028
492.308	4.34063	0.0847136
492.611	4.33885	0.0844251
492.914	4.33709	0.0841372
493.218	4.33532	0.08385
493.523	4.33357	0.0835634
493.827	4.33181	0.0832774
494.132	4.33006	0.0829921
494.438	4.32832	0.0827074
494.743	4.32657	0.0824233
495.05	4.32484	0.0821398
495.356	4.3231	0.0818569
495.663	4.32137	0.0815746
495.97	4.31965	0.0812928
496.278	4.31793	0.0810116
496.586	4.31621	0.080731
496.894	4.3145	0.080451
497.203	4.31279	0.0801715
497.512	4.31108	0.0798925
497.822	4.30938	0.0796141
498.132	4.30768	0.0793362
498.442	4.30599	0.0790589
498.753	4.3043	0.078782
499.064	4.30261	0.0785057
499.376	4.30093	0.0782299
499.688	4.29925	0.0779546
500	4.29758	0.0776797
500.313	4.29591	0.0774054
500.626	4.29424	0.0771315
500.939	4.29258	0.0768582
501.253	4.29092	0.0765853
501.567	4.28926	0.0763128
501.882	4.28761	0.0760408
502.197	4.28596	0.0757693
502.513	4.28432	0.0754983
502.828	4.28268	0.0752276
503.145	4.28104	0.0749575
503.461	4.27941	0.0746877
503.778	4.27778	0.0744184
504.096	4.27615	0.0741495
504.414	4.27453	0.0738811
504.732	4.27291	0.073613
505.051	4.27129	0.0733454
505.37	4.26968	0.0730782
505.689	4.26807	0.0728114
506.009	4.26646	0.072545
506.329	4.26486	0.0722791
506.65	4.26326	0.0720135
506.971	4.26167	0.0717483
507.292	4.26007	0.0714835
507.614	4.25848	0.0712191
507.937	4.2569	0.070955
508.259	4.25532	0.0706914
508.582	4.25374	0.0704281
508.906	4.25216	0.0701653
509.23	4.25059	0.0699028
509.554	4.24902	0.0696406
509.879	4.24745	0.0693789
510.204	4.24589	0.0691175
510.53	4.24433	0.0688565
510.856	4.24278	0.0685958
511.182	4.24122	0.0683355
511.509	4.23967	0.0680756
511.836	4.23813	0.067816
512.164	4.23658	0.0675568
512.492	4.23504	0.067298
512.821	4.2335	0.0670395
513.149	4.23197	0.0667814
513.479	4.23044	0.0665236
513.809	4.22891	0.0662662
514.139	4.22738	0.0660091
514.469	4.22586	0.0657524
514.801	4.22434	0.0654961
515.132	4.22282	0.0652401
515.464	4.22131	0.0649844
515.796	4.2198	0.0647291
516.129	4.21829	0.0644742
516.462	4.21678	0.0642196
516.796	4.21528	0.0639654
517.13	4.21378	0.0637115
517.464	4.21228	0.063458
517.799	4.21079	0.0632049
518.135	4.2093	0.0629521
518.471	4.20781	0.0626997
518.807	4.20632	0.0624476
519.143	4.20484	0.0621959
519.481	4.20336	0.0619446
519.818	4.20188	0.0616936
520.156	4.20041	0.061443
520.494	4.19894	0.0611928
520.833	4.19747	0.0609429
521.173	4.196	0.0606934
521.512	4.19454	0.0604443
521.853	4.19307	0.0601956
522.193	4.19162	0.0599472
522.534	4.19016	0.0596993
522.876	4.1887	0.0594517
523.218	4.18725	0.0592045
523.56	4.1858	0.0589577
523.903	4.18436	0.0587113
524.246	4.18291	0.0584653
524.59	4.18147	0.0582197
524.934	4.18003	0.0579745
525.279	4.1786	0.0577297
525.624	4.17716	0.0574853
525.97	4.17573	0.0572413
526.316	4.1743	0.0569978
526.662	4.17288	0.0567546
527.009	4.17145	0.0565119
527.357	4.17003	0.0562697
527.704	4.16861	0.0560278
528.053	4.16719	0.0557864
528.402	4.16578	0.0555455
528.751	4.16437	0.055305
529.101	4.16296	0.0550649
529.451	4.16155	0.0548253
529.801	4.16014	0.0545862
530.152	4.15874	0.0543475
530.504	4.15734	0.0541093
530.856	4.15594	0.0538716
531.208	4.15454	0.0536344
531.561	4.15315	0.0533976
531.915	4.15176	0.0531613
532.269	4.15037	0.0529256
532.623	4.14898	0.0526903
532.978	4.14759	0.0524556
533.333	4.14621	0.0522213
533.689	4.14483	0.0519876
534.045	4.14345	0.0517544
534.402	4.14207	0.0515218
534.759	4.1407	0.0512896
535.117	4.13933	0.0510581
535.475	4.13795	0.050827
535.834	4.13659	0.0505966
536.193	4.13522	0.0503666
536.553	4.13386	0.0501373
536.913	4.13249	0.0499085
537.273	4.13113	0.0496803
537.634	4.12978	0.0494527
537.996	4.12842	0.0492257
538.358	4.12706	0.0489993
538.721	4.12571	0.0487735
539.084	4.12436	0.0485483
539.447	4.12302	0.0483237
539.811	4.12167	0.0480997
540.176	4.12033	0.0478764
540.541	4.11898	0.0476537
540.906	4.11764	0.0474317
541.272	4.11631	0.0472103
541.638	4.11497	0.0469895
542.005	4.11364	0.0467695
542.373	4.1123	0.0465501
542.741	4.11097	0.0463313
543.109	4.10964	0.0461133
543.478	4.10832	0.045896
543.848	4.10699	0.0456793
544.218	4.10567	0.0454634
544.588	4.10435	0.0452482
544.959	4.10303	0.0450337
545.331	4.10172	0.0448199
545.703	4.1004	0.0446069
546.075	4.09909	0.0443946
546.448	4.09778	0.044183
546.822	4.09647	0.0439722
547.196	4.09516	0.0437622
547.57	4.09385	0.0435529
547.945	4.09255	0.0433444
548.321	4.09125	0.0431367
548.697	4.08995	0.0429298
549.073	4.08865	0.0427236
549.451	4.08736	0.0425183
549.828	4.08606	0.0423138
550.206	4.08477	0.0421101
550.585	4.08348	0.0419072
550.964	4.08219	0.0417052
551.344	4.0809	0.0415039
551.724	4.07962	0.0413036
552.105	4.07833	0.041104
552.486	4.07705	0.0409054
552.868	4.07577	0.0407075
553.25	4.0745	0.0405106
553.633	4.07322	0.0403145
554.017	4.07195	0.0401193
554.401	4.07067	0.039925
554.785	4.0694	0.0397316
555.17	4.06813	0.0395391
555.556	4.06687	0.0393475
555.942	4.0656	0.0391568
556.328	4.06434	0.038967
556.715	4.06308	0.0387781
557.103	4.06182	0.0385902
557.491	4.06056	0.0384031
557.88	4.0593	0.0382171
558.269	4.05805	0.0380319
558.659	4.0568	0.0378478
559.05	4.05555	0.0376645
559.441	4.0543	0.0374823
559.832	4.05305	0.037301
560.224	4.05181	0.0371206
560.617	4.05056	0.0369413
561.01	4.04932	0.0367629
561.404	4.04808	0.0365855
561.798	4.04685	0.0364091
562.193	4.04561	0.0362336
562.588	4.04438	0.0360592
562.984	4.04314	0.0358858
563.38	4.04191	0.0357134
563.777	4.04068	0.035542
564.175	4.03946	0.0353716
564.573	4.03823	0.0352022
564.972	4.03701	0.0350338
565.371	4.03579	0.0348665
565.771	4.03457	0.0347001
566.171	4.03335	0.0345349
566.572	4.03214	0.0343706
566.974	4.03092	0.0342074
567.376	4.02971	0.0340452
567.779	4.0285	0.0338841
568.182	4.02729	0.033724
568.586	4.02608	0.0335649
568.99	4.02488	0.0334069
569.395	4.02368	0.03325
569.801	4.02248	0.0330941
570.207	4.02128	0.0329393
570.613	4.02008	0.0327855
571.021	4.01889	0.0326327
571.429	4.01769	0.0324811
571.837	4.0165	0.0323305
572.246	4.01531	0.0321809
572.656	4.01412	0.0320325
573.066	4.01294	0.0318851
573.477	4.01175	0.0317387
573.888	4.01057	0.0315934
574.3	4.00939	0.0314492
574.713	4.00822	0.0313061
575.126	4.00704	0.031164
575.54	4.00586	0.031023
575.954	4.00469	0.030883
576.369	4.00352	0.0307441
576.784	4.00235	0.0306063
577.201	4.00119	0.0304696
577.617	4.00002	0.0303339
578.035	3.99886	0.0301993
578.453	3.9977	0.0300657
578.871	3.99654	0.0299332
579.29	3.99539	0.0298018
579.71	3.99423	0.0296714
580.131	3.99308	0.0295421
580.552	3.99193	0.0294139
580.973	3.99078	0.0292867
581.395	3.98963	0.0291605
581.818	3.98849	0.0290354
582.242	3.98734	0.0289114
582.666	3.9862	0.0287884
583.09	3.98507	0.0286664
583.516	3.98393	0.0285455
583.942	3.98279	0.0284256
584.368	3.98166	0.0283067
584.795	3.98053	0.0281889
585.223	3.9794	0.0280721
585.652	3.97828	0.0279564
586.081	3.97715	0.0278416
586.51	3.97603	0.0277279
586.941	3.97491	0.0276152
587.372	3.97379	0.0275035
587.803	3.97267	0.0273928
588.235	3.97156	0.0272831
588.668	3.97045	0.0271744
589.102	3.96934	0.0270667
589.536	3.96823	0.0269599
589.971	3.96712	0.0268542
590.406	3.96602	0.0267494
590.842	3.96492	0.0266457
591.279	3.96382	0.0265428
591.716	3.96272	0.026441
592.154	3.96163	0.0263401
592.593	3.96053	0.0262401
593.032	3.95944	0.0261411
593.472	3.95835	0.0260431
593.912	3.95727	0.0259459
594.354	3.95618	0.0258497
594.796	3.9551	0.0257545
595.238	3.95402	0.0256601
595.681	3.95294	0.0255667
596.125	3.95186	0.0254741
596.57	3.95079	0.0253825
597.015	3.94972	0.0252917
597.461	3.94865	0.0252019
597.907	3.94758	0.0251129
598.355	3.94651	0.0250247
598.802	3.94545	0.0249375
599.251	3.94439	0.0248511
599.7	3.94333	0.0247655
600.15	3.94227	0.0246808
600.601	3.94122	0.024597
601.052	3.94017	0.0245139
601.504	3.93912	0.0244317
601.956	3.93807	0.0243503
602.41	3.93702	0.0242697
602.864	3.93598	0.0241899
603.318	3.93494	0.0241108
603.774	3.9339	0.0240326
604.23	3.93286	0.0239551
604.686	3.93182	0.0238784
605.144	3.93079	0.0238025
605.602	3.92976	0.0237273
606.061	3.92873	0.0236529
606.52	3.9277	0.0235792
606.98	3.92668	0.0235062
607.441	3.92566	0.0234339
607.903	3.92464	0.0233623
608.365	3.92362	0.0232915
608.828	3.9226	0.0232213
609.292	3.92159	0.0231518
609.756	3.92058	0.023083
610.221	3.91957	0.0230149
610.687	3.91856	0.0229474
611.154	3.91756	0.0228805
611.621	3.91655	0.0228143
612.089	3.91555	0.0227488
612.557	3.91456	0.0226838
613.027	3.91356	0.0226195
613.497	3.91257	0.0225558
613.968	3.91157	0.0224926
614.439	3.91059	0.0224301
614.912	3.9096	0.0223681
615.385	3.90861	0.0223067
615.858	3.90763	0.0222459
616.333	3.90665	0.0221856
616.808	3.90567	0.0221259
617.284	3.90469	0.0220667
617.761	3.90372	0.022008
618.238	3.90275	0.0219499
618.716	3.90178	0.0218922
619.195	3.90081	0.0218351
619.675	3.89984	0.0217784
620.155	3.89888	0.0217222
620.636	3.89792	0.0216665
621.118	3.89696	0.0216113
621.601	3.896	0.0215565
622.084	3.89505	0.0215022
622.568	3.8941	0.0214483
623.053	3.89315	0.0213948
623.539	3.8922	0.0213417
624.025	3.89125	0.0212891
624.512	3.89031	0.0212368
625	3.88937	0.021185
625.489	3.88843	0.0211335
625.978	3.88749	0.0210824
626.468	3.88655	0.0210317
626.959	3.88562	0.0209813
627.451	3.88469	0.0209313
627.943	3.88376	0.0208816
628.437	3.88283	0.0208322
628.931	3.88191	0.0207832
629.426	3.88098	0.0207345
629.921	3.88006	0.0206861
630.418	3.87914	0.020638
630.915	3.87823	0.0205901
631.413	3.87731	0.0205426
631.912	3.8764	0.0204953
632.411	3.87549	0.0204483
632.911	3.87458	0.0204016
633.413	3.87367	0.0203551
633.914	3.87277	0.0203088
634.417	3.87187	0.0202628
634.921	3.87097	0.020217
635.425	3.87007	0.0201714
635.93	3.86917	0.0201261
636.436	3.86828	0.0200809
636.943	3.86739	0.0200359
637.45	3.8665	0.0199911
637.959	3.86561	0.0199465
638.468	3.86472	0.019902
638.978	3.86384	0.0198577
639.488	3.86296	0.0198136
640	3.86208	0.0197696
640.512	3.8612	0.0197258
641.026	3.86032	0.019682
641.54	3.85945	0.0196384
642.055	3.85858	0.019595
642.57	3.85771	0.0195516
643.087	3.85684	0.0195083
643.604	3.85597	0.0194652
644.122	3.85511	0.0194221
644.641	3.85425	0.0193791
645.161	3.85339	0.0193362
645.682	3.85253	0.0192933
646.204	3.85167	0.0192505
646.726	3.85082	0.0192078
647.249	3.84997	0.0191651
647.773	3.84912	0.0191224
648.298	3.84827	0.0190798
648.824	3.84742	0.0190373
649.351	3.84657	0.0189947
649.878	3.84573	0.0189522
650.407	3.84489	0.0189096
650.936	3.84405	0.0188671
651.466	3.84321	0.0188246
651.997	3.84238	0.0187821
652.529	3.84154	0.0187395
653.061	3.84071	0.018697
653.595	3.83988	0.0186544
654.129	3.83905	0.0186117
654.664	3.83823	0.0185691
655.201	3.8374	0.0185264
655.738	3.83658	0.0184837
656.276	3.83576	0.0184409
656.814	3.83494	0.018398
657.354	3.83412	0.0183551
657.895	3.8333	0.0183122
658.436	3.83249	0.0182691
658.979	3.83168	0.018226
659.522	3.83087	0.0181828
660.066	3.83006	0.0181395
660.611	3.82925	0.0180961
661.157	3.82844	0.0180527
661.704	3.82764	0.0180091
662.252	3.82684	0.0179654
662.8	3.82604	0.0179216
663.35	3.82524	0.0178777
663.9	3.82444	0.0178337
664.452	3.82364	0.0177896
665.004	3.82285	0.0177453
665.557	3.82206	0.0177009
666.112	3.82127	0.0176564
666.667	3.82048	0.0176117
667.223	3.81969	0.017567
667.78	3.81891	0.017522
668.338	3.81812	0.0174769
668.896	3.81734	0.0174317
669.456	3.81656	0.0173863
670.017	3.81578	0.0173407
670.578	3.815	0.017295
671.141	3.81423	0.0172492
671.704	3.81345	0.0172031
672.269	3.81268	0.0171569
672.834	3.81191	0.0171105
673.401	3.81114	0.017064
673.968	3.81037	0.0170172
674.536	3.8096	0.0169703
675.105	3.80884	0.0169232
675.676	3.80807	0.0168759
676.247	3.80731	0.0168284
676.819	3.80655	0.0167808
677.392	3.80579	0.0167329
677.966	3.80503	0.0166848
678.541	3.80427	0.0166366
679.117	3.80352	0.0165881
679.694	3.80277	0.0165395
680.272	3.80201	0.0164906
680.851	3.80126	0.0164416
681.431	3.80051	0.0163923
682.012	3.79977	0.0163428
682.594	3.79902	0.0162931
683.177	3.79827	0.0162432
683.761	3.79753	0.0161931
684.346	3.79679	0.0161428
684.932	3.79605	0.0160922
685.518	3.79531	0.0160415
686.106	3.79457	0.0159905
686.695	3.79383	0.0159393
687.285	3.7931	0.0158878
687.876	3.79236	0.0158362
688.468	3.79163	0.0157843
689.061	3.7909	0.0157322
689.655	3.79017	0.0156799
690.25	3.78944	0.0156274
690.846	3.78871	0.0155746
691.443	3.78799	0.0155216
692.042	3.78726	0.0154684
692.641	3.78654	0.0154149
693.241	3.78581	0.0153613
693.842	3.78509	0.0153074
694.444	3.78437	0.0152532
695.048	3.78365	0.0151989
695.652	3.78294	0.0151443
696.258	3.78222	0.0150895
696.864	3.78151	0.0150344
697.472	3.78079	0.0149792
698.08	3.78008	0.0149237
698.69	3.77937	0.0148679
699.301	3.77866	0.014812
699.913	3.77795	0.0147558
700.525	3.77724	0.0146994
701.139	3.77653	0.0146427
701.754	3.77583	0.0145859
702.371	3.77512	0.0145288
702.988	3.77442	0.0144715
703.606	3.77372	0.0144139
704.225	3.77302	0.0143562
704.846	3.77232	0.0142982
705.467	3.77162	0.01424
706.09	3.77092	0.0141816
706.714	3.77022	0.0141229
707.339	3.76953	0.0140641
707.965	3.76883	0.014005
708.592	3.76814	0.0139457
709.22	3.76745	0.0138862
709.849	3.76676	0.0138265
710.48	3.76607	0.0137665
711.111	3.76538	0.0137064
711.744	3.76469	0.013646
712.378	3.764	0.0135855
713.012	3.76332	0.0135247
713.649	3.76263	0.0134637
714.286	3.76195	0.0134025
714.924	3.76126	0.0133411
715.564	3.76058	0.0132796
716.204	3.7599	0.0132178
716.846	3.75922	0.0131558
717.489	3.75854	0.0130936
718.133	3.75786	0.0130313
718.778	3.75719	0.0129687
719.424	3.75651	0.012906
720.072	3.75584	0.012843
720.721	3.75516	0.0127799
721.371	3.75449	0.0127166
722.022	3.75382	0.0126531
722.674	3.75314	0.0125895
723.327	3.75247	0.0125257
723.982	3.7518	0.0124616
724.638	3.75114	0.0123975
725.295	3.75047	0.0123331
725.953	3.7498	0.0122686
726.612	3.74914	0.0122039
727.273	3.74847	0.0121391
727.934	3.74781	0.0120741
728.597	3.74714	0.012009
729.262	3.74648	0.0119437
729.927	3.74582	0.0118782
730.594	3.74516	0.0118126
731.261	3.7445	0.0117469
731.93	3.74384	0.011681
732.601	3.74318	0.011615
733.272	3.74252	0.0115488
733.945	3.74187	0.0114825
734.619	3.74121	0.0114161
735.294	3.74056	0.0113495
735.971	3.7399	0.0112829
736.648	3.73925	0.0112161
737.327	3.7386	0.0111492
738.007	3.73795	0.0110821
738.689	3.7373	0.011015
739.372	3.73665	0.0109477
740.056	3.736	0.0108804
740.741	3.73535	0.0108129
741.427	3.7347	0.0107454
742.115	3.73405	0.0106777
742.804	3.73341	0.01061
743.494	3.73276	0.0105421
744.186	3.73212	0.0104742
744.879	3.73148	0.0104062
745.573	3.73083	0.0103381
746.269	3.73019	0.01027
746.965	3.72955	0.0102017
747.664	3.72891	0.0101334
748.363	3.72827	0.0100651
749.064	3.72763	0.00999664
749.766	3.72699	0.00992816
750.469	3.72635	0.00985962
751.174	3.72571	0.00979104
751.88	3.72508	0.00972241
752.587	3.72444	0.00965373
753.296	3.72381	0.00958502
754.006	3.72317	0.00951627
754.717	3.72254	0.00944749
755.43	3.72191	0.00937868
756.144	3.72127	0.00930984
756.859	3.72064	0.00924099
757.576	3.72001	0.00917212
758.294	3.71938	0.00910324
759.013	3.71875	0.00903434
759.734	3.71812	0.00896545
760.456	3.7175	0.00889655
761.18	3.71687	0.00882765
761.905	3.71624	0.00875876
762.631	3.71562	0.00868988
763.359	3.71499	0.00862102
764.088	3.71437	0.00855217
764.818	3.71374	0.00848335
765.55	3.71312	0.00841455
766.284	3.71249	0.00834578
767.018	3.71187	0.00827705
767.754	3.71125	0.00820836
768.492	3.71063	0.00813971
769.231	3.71001	0.0080711
769.971	3.70939	0.00800254
770.713	3.70877	0.00793404
771.456	3.70815	0.0078656
772.201	3.70753	0.00779722
772.947	3.70692	0.00772891
773.694	3.7063	0.00766067
774.443	3.70568	0.0075925
775.194	3.70507	0.00752441
775.946	3.70445	0.00745641
776.699	3.70384	0.00738849
777.454	3.70323	0.00732066
778.21	3.70261	0.00725293
778.968	3.702	0.00718529
779.727	3.70139	0.00711776
780.488	3.70078	0.00705034
781.25	3.70017	0.00698303
782.014	3.69956	0.00691584
782.779	3.69895	0.00684876
783.546	3.69834	0.00678181
784.314	3.69773	0.00671499
785.083	3.69712	0.0066483
785.855	3.69652	0.00658174
786.627	3.69591	0.00651533
787.402	3.69531	0.00644905
788.177	3.6947	0.00638293
788.955	3.6941	0.00631696
789.733	3.69349	0.00625115
790.514	3.69289	0.0061855
791.296	3.69229	0.00612001
792.079	3.69168	0.00605469
792.864	3.69108	0.00598954
793.651	3.69048	0.00592457
794.439	3.68988	0.00585978
795.229	3.68928	0.00579518
796.02	3.68868	0.00573077
796.813	3.68808	0.00566654
797.607	3.68748	0.00560252
798.403	3.68688	0.00553869
799.201	3.68629	0.00547507
800	3.68569	0.00541166
800.801	3.68509	0.00534846
801.603	3.6845	0.00528548
802.407	3.6839	0.00522272
803.213	3.68331	0.00516018
804.02	3.68272	0.00509787
804.829	3.68212	0.0050358
805.639	3.68153	0.00497396
806.452	3.68094	0.00491236
807.265	3.68035	0.004851
808.081	3.67976	0.00478989
808.898	3.67917	0.00472903
809.717	3.67858	0.00466843
810.537	3.67799	0.00460808
811.359	3.6774	0.004548
812.183	3.67681	0.00448819
813.008	3.67622	0.00442864
813.835	3.67564	0.00436937
814.664	3.67505	0.00431038
815.494	3.67446	0.00425166
816.327	3.67388	0.00419323
817.16	3.67329	0.00413509
817.996	3.67271	0.00407725
818.833	3.67212	0.00401969
819.672	3.67154	0.00396244
820.513	3.67096	0.00390548
821.355	3.67038	0.00384884
822.199	3.6698	0.0037925
823.045	3.66922	0.00373648
823.893	3.66864	0.00368077
824.742	3.66806	0.00362538
825.593	3.66748	0.00357031
826.446	3.6669	0.00351557
827.301	3.66632	0.00346116
828.157	3.66574	0.00340709
829.016	3.66517	0.00335334
829.876	3.66459	0.00329994
830.737	3.66401	0.00324688
831.601	3.66344	0.00319417
832.466	3.66287	0.0031418
833.333	3.66229	0.00308979
834.202	3.66172	0.00303813
835.073	3.66115	0.00298683
835.946	3.66057	0.00293589
836.82	3.66	0.00288531
837.696	3.65943	0.0028351
838.574	3.65886	0.00278526
839.454	3.65829	0.00273579
840.336	3.65772	0.0026867
841.22	3.65715	0.00263799
842.105	3.65659	0.00258965
842.993	3.65602	0.00254171
843.882	3.65545	0.00249414
844.773	3.65489	0.00244697
845.666	3.65432	0.00240019
846.561	3.65376	0.0023538
847.458	3.65319	0.00230782
848.356	3.65263	0.00226223
849.257	3.65206	0.00221704
850.159	3.6515	0.00217226
851.064	3.65094	0.00212788
851.97	3.65038	0.00208391
852.878	3.64982	0.00204036
853.789	3.64926	0.00199722
854.701	3.6487	0.0019545
855.615	3.64814	0.00191219
856.531	3.64758	0.00187031
857.449	3.64702	0.00182885
858.369	3.64647	0.00178781
859.291	3.64591	0.0017472
860.215	3.64536	0.00170703
861.141	3.6448	0.00166728
862.069	3.64425	0.00162796
862.999	3.64369	0.00158909
863.931	3.64314	0.00155065
864.865	3.64259	0.00151264
865.801	3.64204	0.00147508
866.739	3.64148	0.00143796
867.679	3.64093	0.00140129
868.621	3.64038	0.00136506
869.565	3.63984	0.00132928
870.511	3.63929	0.00129395
871.46	3.63874	0.00125908
872.41	3.63819	0.00122465
873.362	3.63765	0.00119068
874.317	3.6371	0.00115716
875.274	3.63656	0.0011241
876.232	3.63601	0.0010915
877.193	3.63547	0.00105936
878.156	3.63492	0.00102768
879.121	3.63438	0.000996465
880.088	3.63384	0.000965711
881.057	3.6333	0.000935422
882.029	3.63276	0.000905599
883.002	3.63222	0.000876243
883.978	3.63168	0.000847355
884.956	3.63114	0.000818936
885.936	3.6306	0.000790986
886.918	3.63007	0.000763508
887.902	3.62953	0.000736502
888.889	3.629	0.000709968
889.878	3.62846	0.000683908
890.869	3.62793	0.000658322
891.862	3.62739	0.000633211
892.857	3.62686	0.000608575
893.855	3.62633	0.000584416
894.855	3.6258	0.000560733
895.857	3.62527	0.000537528
896.861	3.62474	0.0005148
897.868	3.62421	0.000492551
898.876	3.62368	0.000470781
899.888	3.62316	0.000449489
900.901	3.62263	0.000428677
901.917	3.6221	0.000408345
902.935	3.62158	0.000388493
903.955	3.62105	0.00036912
904.977	3.62053	0.000350228
906.002	3.62001	0.000331817
907.029	3.61949	0.000313886
908.059	3.61896	0.000296435
909.091	3.61844	0.000279466
910.125	3.61792	0.000262976
911.162	3.6174	0.000246967
912.201	3.61689	0.000231439
913.242	3.61637	0.00021639
914.286	3.61585	0.000201822
915.332	3.61534	0.000187733
916.38	3.61482	0.000174123
917.431	3.61431	0.000160993
918.485	3.61379	0.000148341
919.54	3.61328	0.000136167
920.598	3.61277	0.000124472
921.659	3.61226	0.000113253
922.722	3.61175	0.000102512
923.788	3.61124	9.22E-05
924.855	3.61073	8.25E-05
925.926	3.61022	7.31E-05
926.999	3.60971	6.43E-05
928.074	3.60921	5.59E-05
929.152	3.6087	4.80E-05
930.233	3.6082	4.06E-05
931.315	3.60769	3.37E-05
932.401	3.60719	2.72E-05
933.489	3.60669	2.12E-05
934.579	3.60619	1.56E-05
935.673	3.60569	1.06E-05
936.768	3.60519	5.95E-06
937.866	3.60469	1.80E-06
938.967	3.60419	-1.87E-06
940.071	3.6037	-5.09E-06
941.176	3.6032	-7.85E-06
942.285	3.6027	-1.01E-05
943.396	3.60221	-1.20E-05
944.51	3.60172	-1.34E-05
945.626	3.60122	-1.43E-05
946.746	3.60073	-1.47E-05
947.867	3.60024	-1.47E-05
948.992	3.59975	-1.43E-05
950.119	3.59926	-1.34E-05
951.249	3.59877	-1.21E-05
952.381	3.59828	-1.03E-05
953.516	3.5978	-8.03E-06
954.654	3.59731	-5.35E-06
955.795	3.59683	-2.22E-06
956.938	3.59634	1.35E-06
958.084	3.59586	5.36E-06
959.233	3.59538	9.81E-06
960.384	3.5949	1.47E-05
961.538	3.59442	2.00E-05
962.696	3.59394	2.58E-05
963.855	3.59346	3.19E-05
965.018	3.59298	3.86E-05
966.184	3.5925	4.56E-05
967.352	3.59203	5.31E-05
968.523	3.59155	6.10E-05
969.697	3.59108	6.93E-05
970.874	3.59061	7.80E-05
972.053	3.59013	8.71E-05
973.236	3.58966	9.67E-05
974.421	3.58919	0.000106691
975.61	3.58872	0.00011708
976.801	3.58825	0.000127878
977.995	3.58779	0.000139084
979.192	3.58732	0.000150694
980.392	3.58685	0.000162707
981.595	3.58639	0.00017512
982.801	3.58592	0.000187931
984.01	3.58546	0.000201139
985.222	3.585	0.000214739
986.436	3.58454	0.000228731
987.654	3.58408	0.000243111
988.875	3.58362	0.000257878
990.099	3.58316	0.000273029
991.326	3.5827	0.000288561
992.556	3.58225	0.000304473
993.789	3.58179	0.00032076
995.025	3.58134	0.000337423
996.264	3.58088	0.000354456
997.506	3.58043	0.000371859
998.752	3.57998	0.000389628
1000	3.57953	0.000407761
1001.25	3.57908	0.000426256
1002.51	3.57863	0.000445109
1003.76	3.57818	0.000464318
1005.03	3.57774	0.000483881
1006.29	3.57729	0.000503794
1007.56	3.57685	0.000524055
1008.83	3.5764	0.000544662
1010.1	3.57596	0.000565612
1011.38	3.57552	0.000586901
1012.66	3.57508	0.000608528
1013.94	3.57464	0.000630489
1015.23	3.5742	0.000652781
1016.52	3.57376	0.000675403
1017.81	3.57332	0.00069835
1019.11	3.57289	0.000721621
1020.41	3.57245	0.000745212
1021.71	3.57202	0.000769121
1023.02	3.57158	0.000793344
1024.33	3.57115	0.000817879
1025.64	3.57072	0.000842723
1026.96	3.57029	0.000867873
1028.28	3.56986	0.000893326
1029.6	3.56943	0.000919079
1030.93	3.56901	0.00094513
1032.26	3.56858	0.000971475
1033.59	3.56815	0.000998111
1034.93	3.56773	0.00102504
1036.27	3.56731	0.00105225
1037.61	3.56689	0.00107974
1038.96	3.56646	0.00110751
1040.31	3.56604	0.00113556
1041.67	3.56562	0.00116388
1043.02	3.56521	0.00119247
1044.39	3.56479	0.00122133
1045.75	3.56437	0.00125046
1047.12	3.56396	0.00127984
1048.49	3.56354	0.00130949
1049.87	3.56313	0.00133939
1051.25	3.56272	0.00136954
1052.63	3.56231	0.00139994
1054.02	3.5619	0.00143059
1055.41	3.56149	0.00146148
1056.8	3.56108	0.00149261
1058.2	3.56067	0.00152398
1059.6	3.56027	0.00155558
1061.01	3.55986	0.00158742
1062.42	3.55946	0.00161948
1063.83	3.55905	0.00165177
1065.25	3.55865	0.00168427
1066.67	3.55825	0.001717
1068.09	3.55785	0.00174994
1069.52	3.55745	0.0017831
1070.95	3.55705	0.00181646
1072.39	3.55666	0.00185003
1073.83	3.55626	0.00188381
1075.27	3.55586	0.00191778
1076.72	3.55547	0.00195195
1078.17	3.55508	0.00198632
1079.62	3.55468	0.00202088
1081.08	3.55429	0.00205562
1082.54	3.5539	0.00209055
1084.01	3.55351	0.00212566
1085.48	3.55313	0.00216095
1086.96	3.55274	0.00219642
1088.44	3.55235	0.00223206
1089.92	3.55197	0.00226787
1091.41	3.55158	0.00230384
1092.9	3.5512	0.00233998
1094.39	3.55082	0.00237628
1095.89	3.55044	0.00241274
1097.39	3.55006	0.00244935
1098.9	3.54968	0.00248611
1100.41	3.5493	0.00252302
1101.93	3.54892	0.00256008
1103.45	3.54855	0.00259728
1104.97	3.54817	0.00263461
1106.5	3.5478	0.00267209
1108.03	3.54742	0.0027097
1109.57	3.54705	0.00274744
1111.11	3.54668	0.0027853
1112.66	3.54631	0.00282329
1114.21	3.54594	0.0028614
1115.76	3.54557	0.00289963
1117.32	3.54521	0.00293798
1118.88	3.54484	0.00297644
1120.45	3.54448	0.00301501
1122.02	3.54411	0.00305368
1123.6	3.54375	0.00309246
1125.18	3.54339	0.00313134
1126.76	3.54302	0.00317032
1128.35	3.54266	0.00320939
1129.94	3.54231	0.00324856
1131.54	3.54195	0.00328781
1133.14	3.54159	0.00332715
1134.75	3.54123	0.00336658
1136.36	3.54088	0.00340609
1137.98	3.54052	0.00344567
1139.6	3.54017	0.00348533
1141.23	3.53982	0.00352506
1142.86	3.53947	0.00356486
1144.49	3.53912	0.00360473
1146.13	3.53877	0.00364467
1147.78	3.53842	0.00368466
1149.43	3.53807	0.00372471
1151.08	3.53773	0.00376482
1152.74	3.53738	0.00380499
1154.4	3.53704	0.0038452
1156.07	3.53669	0.00388546
1157.74	3.53635	0.00392577
1159.42	3.53601	0.00396611
1161.1	3.53567	0.0040065
1162.79	3.53533	0.00404693
1164.48	3.53499	0.00408739
1166.18	3.53465	0.00412788
1167.88	3.53431	0.0041684
1169.59	3.53398	0.00420895
1171.3	3.53364	0.00424952
1173.02	3.53331	0.00429011
1174.74	3.53298	0.00433072
1176.47	3.53265	0.00437135
1178.2	3.53231	0.00441199
1179.94	3.53198	0.00445265
1181.68	3.53166	0.00449331
1183.43	3.53133	0.00453398
1185.19	3.531	0.00457465
1186.94	3.53067	0.00461532
1188.71	3.53035	0.004656
1190.48	3.53002	0.00469667
1192.25	3.5297	0.00473733
1194.03	3.52938	0.00477799
1195.81	3.52906	0.00481863
1197.6	3.52874	0.00485926
1199.4	3.52842	0.00489988
1201.2	3.5281	0.00494048
1203.01	3.52778	0.00498106
1204.82	3.52746	0.00502161
1206.64	3.52715	0.00506215
1208.46	3.52683	0.00510265
1210.29	3.52652	0.00514313
1212.12	3.52621	0.00518357
1213.96	3.52589	0.00522398
1215.81	3.52558	0.00526436
1217.66	3.52527	0.00530469
1219.51	3.52496	0.00534499
1221.37	3.52465	0.00538525
1223.24	3.52435	0.00542546
1225.11	3.52404	0.00546562
1226.99	3.52373	0.00550573
1228.88	3.52343	0.0055458
1230.77	3.52313	0.00558581
1232.67	3.52282	0.00562576
1234.57	3.52252	0.00566566
1236.48	3.52222	0.0057055
1238.39	3.52192	0.00574528
1240.31	3.52162	0.00578499
1242.24	3.52132	0.00582464
1244.17	3.52102	0.00586422
1246.11	3.52073	0.00590374
1248.05	3.52043	0.00594318
1250	3.52014	0.00598255
1251.96	3.51984	0.00602184
1253.92	3.51955	0.00606106
1255.89	3.51926	0.0061002
1257.86	3.51897	0.00613925
1259.84	3.51868	0.00617823
1261.83	3.51839	0.00621712
1263.82	3.5181	0.00625593
1265.82	3.51781	0.00629464
1267.83	3.51752	0.00633327
1269.84	3.51724	0.0063718
1271.86	3.51695	0.00641025
1273.89	3.51667	0.00644859
1275.92	3.51638	0.00648685
1277.96	3.5161	0.006525
1280	3.51582	0.00656305
1282.05	3.51554	0.006601
1284.11	3.51526	0.00663885
1286.17	3.51498	0.00667659
1288.24	3.5147	0.00671422
1290.32	3.51442	0.00675175
1292.41	3.51415	0.00678917
1294.5	3.51387	0.00682647
1296.6	3.5136	0.00686367
1298.7	3.51332	0.00690074
1300.81	3.51305	0.0069377
1302.93	3.51278	0.00697455
1305.06	3.5125	0.00701127
1307.19	3.51223	0.00704788
1309.33	3.51196	0.00708436
1311.48	3.51169	0.00712072
1313.63	3.51143	0.00715695
1315.79	3.51116	0.00719306
1317.96	3.51089	0.00722904
1320.13	3.51063	0.00726489
1322.31	3.51036	0.00730061
1324.5	3.5101	0.00733619
1326.7	3.50983	0.00737165
1328.9	3.50957	0.00740697
1331.11	3.50931	0.00744215
1333.33	3.50905	0.0074772
1335.56	3.50879	0.00751211
1337.79	3.50853	0.00754687
1340.03	3.50827	0.0075815
1342.28	3.50801	0.00761598
1344.54	3.50776	0.00765032
1346.8	3.5075	0.00768452
1349.07	3.50725	0.00771857
1351.35	3.50699	0.00775247
1353.64	3.50674	0.00778623
1355.93	3.50648	0.00781983
1358.23	3.50623	0.00785329
1360.54	3.50598	0.00788659
1362.86	3.50573	0.00791974
1365.19	3.50548	0.00795274
1367.52	3.50523	0.00798558
1369.86	3.50498	0.00801827
1372.21	3.50474	0.00805079
1374.57	3.50449	0.00808316
1376.94	3.50424	0.00811537
1379.31	3.504	0.00814742
1381.69	3.50375	0.00817931
1384.08	3.50351	0.00821104
1386.48	3.50327	0.00824261
1388.89	3.50303	0.00827401
1391.3	3.50279	0.00830524
1393.73	3.50254	0.00833631
1396.16	3.50231	0.00836721
1398.6	3.50207	0.00839795
1401.05	3.50183	0.00842851
1403.51	3.50159	0.00845891
1405.98	3.50135	0.00848914
1408.45	3.50112	0.00851919
1410.93	3.50088	0.00854907
1413.43	3.50065	0.00857878
1415.93	3.50041	0.00860832
1418.44	3.50018	0.00863768
1420.96	3.49995	0.00866687
1423.49	3.49972	0.00869588
1426.02	3.49949	0.00872471
1428.57	3.49926	0.00875337
1431.13	3.49903	0.00878185
1433.69	3.4988	0.00881015
1436.27	3.49857	0.00883826
1438.85	3.49834	0.0088662
1441.44	3.49812	0.00889396
1444.04	3.49789	0.00892154
1446.65	3.49767	0.00894893
1449.28	3.49744	0.00897614
1451.91	3.49722	0.00900317
1454.55	3.497	0.00903001
1457.19	3.49677	0.00905667
1459.85	3.49655	0.00908314
1462.52	3.49633	0.00910943
1465.2	3.49611	0.00913553
1467.89	3.49589	0.00916144
1470.59	3.49567	0.00918717
1473.3	3.49545	0.0092127
1476.01	3.49524	0.00923805
1478.74	3.49502	0.00926321
1481.48	3.49481	0.00928818
1484.23	3.49459	0.00931296
1486.99	3.49438	0.00933754
1489.76	3.49416	0.00936194
1492.54	3.49395	0.00938615
1495.33	3.49374	0.00941016
1498.13	3.49352	0.00943398
1500.94	3.49331	0.0094576
1503.76	3.4931	0.00948104
1506.59	3.49289	0.00950428
1509.43	3.49268	0.00952732
1512.29	3.49248	0.00955017
1515.15	3.49227	0.00957283
1518.03	3.49206	0.00959528
1520.91	3.49185	0.00961755
1523.81	3.49165	0.00963962
1526.72	3.49144	0.00966149
1529.64	3.49124	0.00968316
1532.57	3.49103	0.00970464
1535.51	3.49083	0.00972592
1538.46	3.49063	0.009747
1541.43	3.49043	0.00976788
1544.4	3.49023	0.00978857
1547.39	3.49003	0.00980906
1550.39	3.48983	0.00982934
1553.4	3.48963	0.00984943
1556.42	3.48943	0.00986932
1559.45	3.48923	0.00988901
1562.5	3.48903	0.0099085
1565.56	3.48883	0.00992779
1568.63	3.48864	0.00994688
1571.71	3.48844	0.00996577
1574.8	3.48825	0.00998446
1577.91	3.48805	0.0100029
1581.03	3.48786	0.0100212
1584.16	3.48767	0.0100393
1587.3	3.48748	0.0100572
1590.46	3.48728	0.0100749
1593.63	3.48709	0.0100924
1596.81	3.4869	0.0101096
1600	3.48671	0.0101267
1603.21	3.48652	0.0101436
1606.43	3.48633	0.0101603
1609.66	3.48615	0.0101767
1612.9	3.48596	0.010193
1616.16	3.48577	0.0102091
1619.43	3.48559	0.0102249
1622.72	3.4854	0.0102406
1626.02	3.48521	0.0102561
1629.33	3.48503	0.0102713
1632.65	3.48485	0.0102864
1635.99	3.48466	0.0103012
1639.34	3.48448	0.0103159
1642.71	3.4843	0.0103303
1646.09	3.48412	0.0103446
1649.48	3.48394	0.0103586
1652.89	3.48376	0.0103724
1656.31	3.48358	0.0103861
1659.75	3.4834	0.0103995
1663.2	3.48322	0.0104127
1666.67	3.48304	0.0104258
1670.15	3.48286	0.0104386
1673.64	3.48269	0.0104512
1677.15	3.48251	0.0104636
1680.67	3.48233	0.0104758
1684.21	3.48216	0.0104879
1687.76	3.48198	0.0104997
1691.33	3.48181	0.0105113
1694.92	3.48164	0.0105227
1698.51	3.48146	0.0105339
1702.13	3.48129	0.0105449
1705.76	3.48112	0.0105557
1709.4	3.48095	0.0105663
1713.06	3.48078	0.0105767
1716.74	3.48061	0.0105869
1720.43	3.48044	0.0105969
1724.14	3.48027	0.0106067
1727.86	3.4801	0.0106162
1731.6	3.47993	0.0106256
1735.36	3.47977	0.0106348
1739.13	3.4796	0.0106438
1742.92	3.47943	0.0106526
1746.72	3.47927	0.0106612
1750.55	3.4791	0.0106696
1754.39	3.47894	0.0106777
1758.24	3.47877	0.0106857
1762.11	3.47861	0.0106935
1766	3.47845	0.0107011
1769.91	3.47829	0.0107085
1773.84	3.47812	0.0107157
1777.78	3.47796	0.0107227
1781.74	3.4778	0.0107294
1785.71	3.47764	0.010736
1789.71	3.47748	0.0107424
1793.72	3.47732	0.0107486
1797.75	3.47716	0.0107546
1801.8	3.47701	0.0107604
1805.87	3.47685	0.010766
1809.95	3.47669	0.0107714
1814.06	3.47653	0.0107766
1818.18	3.47638	0.0107816
1822.32	3.47622	0.0107864
1826.48	3.47607	0.010791
1830.66	3.47591	0.0107954
1834.86	3.47576	0.0107996
1839.08	3.47561	0.0108037
1843.32	3.47545	0.0108075
1847.58	3.4753	0.0108111
1851.85	3.47515	0.0108146
1856.15	3.475	0.0108178
1860.47	3.47485	0.0108209
1864.8	3.4747	0.0108237
1869.16	3.47455	0.0108264
1873.54	3.4744	0.0108288
1877.93	3.47425	0.0108311
1882.35	3.4741	0.0108332
1886.79	3.47395	0.0108351
1891.25	3.4738	0.0108368
1895.73	3.47366	0.0108383
1900.24	3.47351	0.0108396
1904.76	3.47336	0.0108407
1909.31	3.47322	0.0108417
1913.88	3.47307	0.0108424
1918.47	3.47293	0.0108429
1923.08	3.47278	0.0108433
1927.71	3.47264	0.0108435
1932.37	3.4725	0.0108435
1937.05	3.47236	0.0108432
1941.75	3.47221	0.0108429
1946.47	3.47207	0.0108423
1951.22	3.47193	0.0108415
1955.99	3.47179	0.0108405
1960.78	3.47165	0.0108394
1965.6	3.47151	0.010838
1970.44	3.47137	0.0108365
1975.31	3.47123	0.0108348
1980.2	3.47109	0.0108329
1985.11	3.47096	0.0108308
1990.05	3.47082	0.0108286
1995.01	3.47068	0.0108261
2000	3.47054	0.0108235